01010000
01010001
01010002
01010003
01010004
01010005
01010006
01010007
01010008
01010009
01010010
01010011
01010012
01010013
01010014
01010015
01010016
01010017
01010018
01010019
01010020
01010021
01010022
01010023
01010024
01010025
01010026
01010027
01010028
01010029
01010030
01010031
01010032
01010033
01010034
01010035
01010036
01010037
01010038
01010039
01010040
01010041
01010042
01010043
01010044
01010045
01010046
01010047
01010048
01010049
01010050
01010051
01010052
01010053
01010054
01010055
01010056
01010057
01010058
01010059
01010060
01010061
01010062
01010063
01010064
01010065
01010066
01010067
01010068
01010069
01010070
01010071
01010072
01010073
01010074
01010075
01010076
01010077
01010078
01010079
01010080
01010081
01010082
01010083
01010084
01010085
01010086
01010087
01010088
01010089
01010090
01010091
01010092
01010093
01010094
01010095
01010096
01010097
01010098
01010099
01010100
01010101
01010102
01010103
01010104
01010105
01010106
01010107
01010108
01010109
01010110
01010111
01010112
01010113
01010114
01010115
01010116
01010117
01010118
01010119
01010120
01010121
01010122
01010123
01010124
01010125
01010126
01010127
01010128
01010129
01010130
01010131
01010132
01010133
01010134
01010135
01010136
01010137
01010138
01010139
01010140
01010141
01010142
01010143
01010144
01010145
01010146
01010147
01010148
01010149
01010150
01010151
01010152
01010153
01010154
01010155
01010156
01010157
01010158
01010159
01010160
01010161
01010162
01010163
01010164
01010165
01010166
01010167
01010168
01010169
01010170
01010171
01010172
01010173
01010174
01010175
01010176
01010177
01010178
01010179
01010180
01010181
01010182
01010183
01010184
01010185
01010186
01010187
01010188
01010189
01010190
01010191
01010192
01010193
01010194
01010195
01010196
01010197
01010198
01010199
01010200
01010201
01010202
01010203
01010204
01010205
01010206
01010207
01010208
01010209
01010210
01010211
01010212
01010213
01010214
01010215
01010216
01010217
01010218
01010219
01010220
01010221
01010222
01010223
01010224
01010225
01010226
01010227
01010228
01010229
01010230
01010231
01010232
01010233
01010234
01010235
01010236
01010237
01010238
01010239
01010240
01010241
01010242
01010243
01010244
01010245
01010246
01010247
01010248
01010249
01010250
01010251
01010252
01010253
01010254
01010255
01010256
01010257
01010258
01010259
01010260
01010261
01010262
01010263
01010264
01010265
01010266
01010267
01010268
01010269
01010270
01010271
01010272
01010273
01010274
01010275
01010276
01010277
01010278
01010279
01010280
01010281
01010282
01010283
01010284
01010285
01010286
01010287
01010288
01010289
01010290
01010291
01010292
01010293
01010294
01010295
01010296
01010297
01010298
01010299
01010300
01010301
01010302
01010303
01010304
01010305
01010306
01010307
01010308
01010309
01010310
01010311
01010312
01010313
01010314
01010315
